{
  "nbformat": 4,
  "nbformat_minor": 0,
  "metadata": {
    "colab": {
      "provenance": []
    },
    "kernelspec": {
      "name": "python3",
      "display_name": "Python 3"
    },
    "language_info": {
      "name": "python"
    }
  },
  "cells": [
    {
      "cell_type": "markdown",
      "source": [
        "# 📊 Análise Fatorial (PCA) aplicada a Indicadores Ambientais de  Distritos da Cidade de São Paulo\n",
        "\n",
        "## 📌 Contexto do Estudo\n",
        "\n",
        "Neste notebook, aplicamos Análise Fatorial baseada em Componentes Principais (PCA) com o objetivo de reduzir a dimensionalidade de um conjunto de indicadores ambientais e socioeconômicos dos distritos da cidade de São Paulo.\n",
        "A PCA permite identificar fatores latentes que sintetizam múltiplas variáveis correlacionadas, facilitando a interpretação dos dados e sua posterior análise espacial por meio de mapas temáticos.\n",
        "\n",
        "## Resumo\n",
        "\n",
        "\n",
        "Neste projeto, apliquei Análise Fatorial por Componentes Principais (PCA) a um conjunto de indicadores ambientais dos distritos do município de São Paulo, com o objetivo de identificar dimensões latentes capazes de sintetizar padrões complexos presentes nos dados.\n",
        "\n",
        "A análise exploratória inicial, por meio da matriz de correlação e do Teste de Esfericidade de Bartlett, evidenciou correlações estatisticamente significativas entre as variáveis, confirmando a adequação do uso da PCA. Com base no critério de Kaiser, foram extraídos dois fatores principais, responsáveis por explicar uma parcela relevante da variância total do conjunto de dados.\n",
        "\n",
        "As cargas fatoriais e o loading plot permitiram interpretar os fatores como combinações estruturais dos indicadores ambientais, enquanto as comunalidades indicaram boa retenção de informação após a redução de dimensionalidade. A extração dos scores fatoriais possibilitou a construção de um indicador sintético, representado pelo primeiro fator, utilizado como proxy de desempenho socioambiental dos distritos.\n",
        "\n",
        "Esse indicador foi posteriormente integrado a dados geoespaciais, permitindo a visualização espacial dos resultados por meio de um mapa temático. O mapa evidencia a heterogeneidade intraurbana entre os distritos, destacando padrões espaciais relevantes que não seriam facilmente identificados a partir da análise isolada das variáveis originais.\n",
        "\n",
        "O projeto demonstra como técnicas estatísticas multivariadas podem ser combinadas com visualização geográfica para transformar dados ambientais complexos em informações interpretáveis, apoiando diagnósticos territoriais, análise exploratória e tomada de decisão baseada em dados."
      ],
      "metadata": {
        "id": "HBMs0Z6OsBNH"
      }
    },
    {
      "cell_type": "markdown",
      "source": [
        "# 📦 Importação das Bibliotecas\n",
        "\n",
        "## O que estamos fazendo aqui?\n",
        "\n",
        "Nesta etapa, importamos todas as bibliotecas necessárias ao longo do notebook.\n",
        "Cada biblioteca tem um papel específico, como:\n",
        "*   pandas e numpy: manipulação e análise de dados;\n",
        "*   factor_analyzer: execução da PCA;\n",
        "*   matplotlib, seaborn e plotly: visualizações;\n",
        "*   pyshp: leitura de arquivos shapefile;\n",
        "*   Também desativamos avisos para manter a saída do notebook mais limpa."
      ],
      "metadata": {
        "id": "ULvxceBVsJI-"
      }
    },
    {
      "cell_type": "code",
      "execution_count": null,
      "metadata": {
        "id": "aXxmsICKgQ6m"
      },
      "outputs": [],
      "source": [
        "import pandas as pd\n",
        "import numpy as np\n",
        "from factor_analyzer import FactorAnalyzer\n",
        "from factor_analyzer.factor_analyzer import calculate_bartlett_sphericity\n",
        "import matplotlib.pyplot as plt\n",
        "import matplotlib.ticker as mtick\n",
        "import seaborn as sns\n",
        "import plotly.graph_objects as go\n",
        "import shapefile as shp\n",
        "import warnings\n",
        "warnings.filterwarnings(\"ignore\")"
      ]
    },
    {
      "cell_type": "markdown",
      "source": [
        "## 📥 Importação da Base de Dados\n",
        "\n",
        "Carregamos o banco de dados contendo os indicadores ambientais e socioeconômicos dos distritos de São Paulo.\n",
        "Essa etapa é fundamental para:\n",
        "*   Entender a estrutura do conjunto de dados;\n",
        "*   Identificar variáveis categóricas e numéricas;\n",
        "*   Planejar corretamente a aplicação da PCA\n",
        "\n",
        "## 🔎 Inspeção Inicial dos Dados\n",
        "\n",
        "*   Antes de aplicar qualquer técnica estatística, é essencial:\n",
        "*   Verificar tipos de dados\n",
        "*   Identificar valores ausentes\n",
        "*   Avaliar a escala das variáveis\n",
        "\n",
        "Essas informações ajudam a evitar erros metodológicos e garantem que a PCA seja aplicada corretamente.\n",
        "\n",
        "## 📊 Estatísticas Descritivas\n",
        "\n",
        "Por que analisar estatísticas básicas?\n",
        "\n",
        "*   As estatísticas descritivas permitem:\n",
        "*   Compreender a distribuição das variáveis\n",
        "*   Identificar possíveis outliers\n",
        "*   Avaliar a necessidade de padronização\n",
        "\n",
        "Nesta etapa, removemos identificadores que não devem entrar na PCA."
      ],
      "metadata": {
        "id": "eV-BDXFWsDl4"
      }
    },
    {
      "cell_type": "code",
      "source": [
        "atlas = pd.read_excel(\"atlas_ambiental.xlsx\")\n",
        "print(atlas.info())\n",
        "\n",
        "# Estatísticas descritiva das variáveis\n",
        "\n",
        "atlas.drop(columns=['cód_ibge']).describe()"
      ],
      "metadata": {
        "colab": {
          "base_uri": "https://localhost:8080/",
          "height": 650
        },
        "id": "v-6f65Gkhxl3",
        "outputId": "48ee33fe-9b0d-4425-800e-e3379b374223"
      },
      "execution_count": null,
      "outputs": [
        {
          "output_type": "stream",
          "name": "stdout",
          "text": [
            "<class 'pandas.core.frame.DataFrame'>\n",
            "RangeIndex: 96 entries, 0 to 95\n",
            "Data columns (total 11 columns):\n",
            " #   Column        Non-Null Count  Dtype  \n",
            "---  ------        --------------  -----  \n",
            " 0   cód_ibge      96 non-null     int64  \n",
            " 1   distritos     96 non-null     object \n",
            " 2   renda         96 non-null     int64  \n",
            " 3   quota         96 non-null     float64\n",
            " 4   escolaridade  96 non-null     float64\n",
            " 5   idade         96 non-null     int64  \n",
            " 6   mortalidade   96 non-null     float64\n",
            " 7   txcresc       96 non-null     float64\n",
            " 8   causasext     96 non-null     float64\n",
            " 9   favel         96 non-null     float64\n",
            " 10  denspop       96 non-null     float64\n",
            "dtypes: float64(7), int64(3), object(1)\n",
            "memory usage: 8.4+ KB\n",
            "None\n"
          ]
        },
        {
          "output_type": "execute_result",
          "data": {
            "text/plain": [
              "             renda       quota  escolaridade      idade  mortalidade  \\\n",
              "count    96.000000   96.000000     96.000000  96.000000    96.000000   \n",
              "mean   1856.218750   30.478021      7.075000  27.395833    15.992812   \n",
              "std     970.774441   23.040243      1.008908   4.385332     4.994409   \n",
              "min     159.000000    0.610000      4.800000  20.000000     6.460000   \n",
              "25%    1150.000000   12.400000      6.300000  23.000000    12.960000   \n",
              "50%    1628.000000   24.304999      7.000000  27.000000    16.230000   \n",
              "75%    2315.500000   40.989999      7.850000  31.000000    18.720001   \n",
              "max    5146.000000  104.730003      9.200000  36.000000    44.250000   \n",
              "\n",
              "         txcresc   causasext      favel     denspop  \n",
              "count  96.000000   96.000000  96.000000   96.000000  \n",
              "mean    0.041146   71.086667   5.932187   99.860104  \n",
              "std     3.509652   23.315169   7.883762   49.606814  \n",
              "min    -6.240000   22.680000   0.000000    0.370000  \n",
              "25%    -2.042500   56.417499   0.000000   64.317497  \n",
              "50%    -0.835000   70.395000   3.015000   96.165001  \n",
              "75%     1.342500   82.370001   7.837500  136.222500  \n",
              "max    18.120001  127.370003  45.689999  249.600006  "
            ],
            "text/html": [
              "\n",
              "  <div id=\"df-df60c3f0-139b-4ff6-b518-060bc8b3213d\" class=\"colab-df-container\">\n",
              "    <div>\n",
              "<style scoped>\n",
              "    .dataframe tbody tr th:only-of-type {\n",
              "        vertical-align: middle;\n",
              "    }\n",
              "\n",
              "    .dataframe tbody tr th {\n",
              "        vertical-align: top;\n",
              "    }\n",
              "\n",
              "    .dataframe thead th {\n",
              "        text-align: right;\n",
              "    }\n",
              "</style>\n",
              "<table border=\"1\" class=\"dataframe\">\n",
              "  <thead>\n",
              "    <tr style=\"text-align: right;\">\n",
              "      <th></th>\n",
              "      <th>renda</th>\n",
              "      <th>quota</th>\n",
              "      <th>escolaridade</th>\n",
              "      <th>idade</th>\n",
              "      <th>mortalidade</th>\n",
              "      <th>txcresc</th>\n",
              "      <th>causasext</th>\n",
              "      <th>favel</th>\n",
              "      <th>denspop</th>\n",
              "    </tr>\n",
              "  </thead>\n",
              "  <tbody>\n",
              "    <tr>\n",
              "      <th>count</th>\n",
              "      <td>96.000000</td>\n",
              "      <td>96.000000</td>\n",
              "      <td>96.000000</td>\n",
              "      <td>96.000000</td>\n",
              "      <td>96.000000</td>\n",
              "      <td>96.000000</td>\n",
              "      <td>96.000000</td>\n",
              "      <td>96.000000</td>\n",
              "      <td>96.000000</td>\n",
              "    </tr>\n",
              "    <tr>\n",
              "      <th>mean</th>\n",
              "      <td>1856.218750</td>\n",
              "      <td>30.478021</td>\n",
              "      <td>7.075000</td>\n",
              "      <td>27.395833</td>\n",
              "      <td>15.992812</td>\n",
              "      <td>0.041146</td>\n",
              "      <td>71.086667</td>\n",
              "      <td>5.932187</td>\n",
              "      <td>99.860104</td>\n",
              "    </tr>\n",
              "    <tr>\n",
              "      <th>std</th>\n",
              "      <td>970.774441</td>\n",
              "      <td>23.040243</td>\n",
              "      <td>1.008908</td>\n",
              "      <td>4.385332</td>\n",
              "      <td>4.994409</td>\n",
              "      <td>3.509652</td>\n",
              "      <td>23.315169</td>\n",
              "      <td>7.883762</td>\n",
              "      <td>49.606814</td>\n",
              "    </tr>\n",
              "    <tr>\n",
              "      <th>min</th>\n",
              "      <td>159.000000</td>\n",
              "      <td>0.610000</td>\n",
              "      <td>4.800000</td>\n",
              "      <td>20.000000</td>\n",
              "      <td>6.460000</td>\n",
              "      <td>-6.240000</td>\n",
              "      <td>22.680000</td>\n",
              "      <td>0.000000</td>\n",
              "      <td>0.370000</td>\n",
              "    </tr>\n",
              "    <tr>\n",
              "      <th>25%</th>\n",
              "      <td>1150.000000</td>\n",
              "      <td>12.400000</td>\n",
              "      <td>6.300000</td>\n",
              "      <td>23.000000</td>\n",
              "      <td>12.960000</td>\n",
              "      <td>-2.042500</td>\n",
              "      <td>56.417499</td>\n",
              "      <td>0.000000</td>\n",
              "      <td>64.317497</td>\n",
              "    </tr>\n",
              "    <tr>\n",
              "      <th>50%</th>\n",
              "      <td>1628.000000</td>\n",
              "      <td>24.304999</td>\n",
              "      <td>7.000000</td>\n",
              "      <td>27.000000</td>\n",
              "      <td>16.230000</td>\n",
              "      <td>-0.835000</td>\n",
              "      <td>70.395000</td>\n",
              "      <td>3.015000</td>\n",
              "      <td>96.165001</td>\n",
              "    </tr>\n",
              "    <tr>\n",
              "      <th>75%</th>\n",
              "      <td>2315.500000</td>\n",
              "      <td>40.989999</td>\n",
              "      <td>7.850000</td>\n",
              "      <td>31.000000</td>\n",
              "      <td>18.720001</td>\n",
              "      <td>1.342500</td>\n",
              "      <td>82.370001</td>\n",
              "      <td>7.837500</td>\n",
              "      <td>136.222500</td>\n",
              "    </tr>\n",
              "    <tr>\n",
              "      <th>max</th>\n",
              "      <td>5146.000000</td>\n",
              "      <td>104.730003</td>\n",
              "      <td>9.200000</td>\n",
              "      <td>36.000000</td>\n",
              "      <td>44.250000</td>\n",
              "      <td>18.120001</td>\n",
              "      <td>127.370003</td>\n",
              "      <td>45.689999</td>\n",
              "      <td>249.600006</td>\n",
              "    </tr>\n",
              "  </tbody>\n",
              "</table>\n",
              "</div>\n",
              "    <div class=\"colab-df-buttons\">\n",
              "\n",
              "  <div class=\"colab-df-container\">\n",
              "    <button class=\"colab-df-convert\" onclick=\"convertToInteractive('df-df60c3f0-139b-4ff6-b518-060bc8b3213d')\"\n",
              "            title=\"Convert this dataframe to an interactive table.\"\n",
              "            style=\"display:none;\">\n",
              "\n",
              "  <svg xmlns=\"http://www.w3.org/2000/svg\" height=\"24px\" viewBox=\"0 -960 960 960\">\n",
              "    <path d=\"M120-120v-720h720v720H120Zm60-500h600v-160H180v160Zm220 220h160v-160H400v160Zm0 220h160v-160H400v160ZM180-400h160v-160H180v160Zm440 0h160v-160H620v160ZM180-180h160v-160H180v160Zm440 0h160v-160H620v160Z\"/>\n",
              "  </svg>\n",
              "    </button>\n",
              "\n",
              "  <style>\n",
              "    .colab-df-container {\n",
              "      display:flex;\n",
              "      gap: 12px;\n",
              "    }\n",
              "\n",
              "    .colab-df-convert {\n",
              "      background-color: #E8F0FE;\n",
              "      border: none;\n",
              "      border-radius: 50%;\n",
              "      cursor: pointer;\n",
              "      display: none;\n",
              "      fill: #1967D2;\n",
              "      height: 32px;\n",
              "      padding: 0 0 0 0;\n",
              "      width: 32px;\n",
              "    }\n",
              "\n",
              "    .colab-df-convert:hover {\n",
              "      background-color: #E2EBFA;\n",
              "      box-shadow: 0px 1px 2px rgba(60, 64, 67, 0.3), 0px 1px 3px 1px rgba(60, 64, 67, 0.15);\n",
              "      fill: #174EA6;\n",
              "    }\n",
              "\n",
              "    .colab-df-buttons div {\n",
              "      margin-bottom: 4px;\n",
              "    }\n",
              "\n",
              "    [theme=dark] .colab-df-convert {\n",
              "      background-color: #3B4455;\n",
              "      fill: #D2E3FC;\n",
              "    }\n",
              "\n",
              "    [theme=dark] .colab-df-convert:hover {\n",
              "      background-color: #434B5C;\n",
              "      box-shadow: 0px 1px 3px 1px rgba(0, 0, 0, 0.15);\n",
              "      filter: drop-shadow(0px 1px 2px rgba(0, 0, 0, 0.3));\n",
              "      fill: #FFFFFF;\n",
              "    }\n",
              "  </style>\n",
              "\n",
              "    <script>\n",
              "      const buttonEl =\n",
              "        document.querySelector('#df-df60c3f0-139b-4ff6-b518-060bc8b3213d button.colab-df-convert');\n",
              "      buttonEl.style.display =\n",
              "        google.colab.kernel.accessAllowed ? 'block' : 'none';\n",
              "\n",
              "      async function convertToInteractive(key) {\n",
              "        const element = document.querySelector('#df-df60c3f0-139b-4ff6-b518-060bc8b3213d');\n",
              "        const dataTable =\n",
              "          await google.colab.kernel.invokeFunction('convertToInteractive',\n",
              "                                                    [key], {});\n",
              "        if (!dataTable) return;\n",
              "\n",
              "        const docLinkHtml = 'Like what you see? Visit the ' +\n",
              "          '<a target=\"_blank\" href=https://colab.research.google.com/notebooks/data_table.ipynb>data table notebook</a>'\n",
              "          + ' to learn more about interactive tables.';\n",
              "        element.innerHTML = '';\n",
              "        dataTable['output_type'] = 'display_data';\n",
              "        await google.colab.output.renderOutput(dataTable, element);\n",
              "        const docLink = document.createElement('div');\n",
              "        docLink.innerHTML = docLinkHtml;\n",
              "        element.appendChild(docLink);\n",
              "      }\n",
              "    </script>\n",
              "  </div>\n",
              "\n",
              "\n",
              "    </div>\n",
              "  </div>\n"
            ],
            "application/vnd.google.colaboratory.intrinsic+json": {
              "type": "dataframe",
              "summary": "{\n  \"name\": \"atlas\",\n  \"rows\": 8,\n  \"fields\": [\n    {\n      \"column\": \"renda\",\n      \"properties\": {\n        \"dtype\": \"number\",\n        \"std\": 1606.0339664070873,\n        \"min\": 96.0,\n        \"max\": 5146.0,\n        \"num_unique_values\": 8,\n        \"samples\": [\n          1856.21875,\n          1628.0,\n          96.0\n        ],\n        \"semantic_type\": \"\",\n        \"description\": \"\"\n      }\n    },\n    {\n      \"column\": \"quota\",\n      \"properties\": {\n        \"dtype\": \"number\",\n        \"std\": 38.257066485900026,\n        \"min\": 0.6100000143051147,\n        \"max\": 104.7300033569336,\n        \"num_unique_values\": 8,\n        \"samples\": [\n          30.47802099461357,\n          24.304999351501465,\n          96.0\n        ],\n        \"semantic_type\": \"\",\n        \"description\": \"\"\n      }\n    },\n    {\n      \"column\": \"escolaridade\",\n      \"properties\": {\n        \"dtype\": \"number\",\n        \"std\": 31.851902566980836,\n        \"min\": 1.0089076756285793,\n        \"max\": 96.0,\n        \"num_unique_values\": 8,\n        \"samples\": [\n          7.07500001291434,\n          7.0,\n          96.0\n        ],\n        \"semantic_type\": \"\",\n        \"description\": \"\"\n      }\n    },\n    {\n      \"column\": \"idade\",\n      \"properties\": {\n        \"dtype\": \"number\",\n        \"std\": 27.090139502339508,\n        \"min\": 4.385332410533685,\n        \"max\": 96.0,\n        \"num_unique_values\": 8,\n        \"samples\": [\n          27.395833333333332,\n          27.0,\n          96.0\n        ],\n        \"semantic_type\": \"\",\n        \"description\": \"\"\n      }\n    },\n    {\n      \"column\": \"mortalidade\",\n      \"properties\": {\n        \"dtype\": \"number\",\n        \"std\": 30.39622141393802,\n        \"min\": 4.994408607602576,\n        \"max\": 96.0,\n        \"num_unique_values\": 8,\n        \"samples\": [\n          15.992812469601631,\n          16.229999542236328,\n          96.0\n        ],\n        \"semantic_type\": \"\",\n        \"description\": \"\"\n      }\n    },\n    {\n      \"column\": \"txcresc\",\n      \"properties\": {\n        \"dtype\": \"number\",\n        \"std\": 34.001316951433445,\n        \"min\": -6.239999771118164,\n        \"max\": 96.0,\n        \"num_unique_values\": 8,\n        \"samples\": [\n          0.04114585338781277,\n          -0.8349999785423279,\n          96.0\n        ],\n        \"semantic_type\": \"\",\n        \"description\": \"\"\n      }\n    },\n    {\n      \"column\": \"causasext\",\n      \"properties\": {\n        \"dtype\": \"number\",\n        \"std\": 35.27722928891845,\n        \"min\": 22.68000030517578,\n        \"max\": 127.37000274658203,\n        \"num_unique_values\": 8,\n        \"samples\": [\n          71.08666666348775,\n          70.39500045776367,\n          96.0\n        ],\n        \"semantic_type\": \"\",\n        \"description\": \"\"\n      }\n    },\n    {\n      \"column\": \"favel\",\n      \"properties\": {\n        \"dtype\": \"number\",\n        \"std\": 33.83161135504336,\n        \"min\": 0.0,\n        \"max\": 96.0,\n        \"num_unique_values\": 7,\n        \"samples\": [\n          96.0,\n          5.932187496684492,\n          7.837499976158142\n        ],\n        \"semantic_type\": \"\",\n        \"description\": \"\"\n      }\n    },\n    {\n      \"column\": \"denspop\",\n      \"properties\": {\n        \"dtype\": \"number\",\n        \"std\": 73.14768870271314,\n        \"min\": 0.3700000047683716,\n        \"max\": 249.60000610351562,\n        \"num_unique_values\": 8,\n        \"samples\": [\n          99.86010448262095,\n          96.16500091552734,\n          96.0\n        ],\n        \"semantic_type\": \"\",\n        \"description\": \"\"\n      }\n    }\n  ]\n}"
            }
          },
          "metadata": {},
          "execution_count": 6
        }
      ]
    },
    {
      "cell_type": "markdown",
      "source": [
        "## 🧮 Seleção das Variáveis para a PCA\n",
        "\n",
        "A PCA exige variáveis numéricas e contínuas.\n",
        "Variáveis categóricas ou identificadores (como códigos e nomes) não contribuem para a análise fatorial e devem ser excluídas.\n",
        "Aqui, criamos um novo DataFrame contendo apenas as variáveis adequadas para a PCA.\n",
        "\n",
        "## 🔗 Matriz de Correlação\n",
        "Por que analisar correlação antes da PCA?\n",
        "\n",
        "A PCA é mais eficaz quando as variáveis apresentam correlação entre si.\n",
        "A matriz de correlação permite:\n",
        "\n",
        "*   Identificar multicolinearidade\n",
        "*   Avaliar se a PCA é apropriada\n",
        "*   Antecipar possíveis agrupamentos de variáveis"
      ],
      "metadata": {
        "id": "3eKFVwZXsQ6t"
      }
    },
    {
      "cell_type": "code",
      "source": [
        "#Separando somente as variáveis quantitativas do banco de dados\n",
        "\n",
        "atlas_pca = atlas.drop(columns=['cód_ibge', 'distritos'])\n",
        "\n",
        "#Matriz de correlações entre as variáveis\n",
        "\n",
        "corr = atlas_pca.corr()\n",
        "\n",
        "# Gráfico interativo\n",
        "\n",
        "fig = go.Figure()\n",
        "\n",
        "fig.add_trace(\n",
        "    go.Heatmap(\n",
        "        x = corr.columns,\n",
        "        y = corr.index,\n",
        "        z = np.array(corr),\n",
        "        text = corr.values,\n",
        "        texttemplate = '%{text:.2f}',\n",
        "        colorscale = 'viridis'))\n",
        "\n",
        "fig.update_layout(\n",
        "    height = 600,\n",
        "    width = 600,\n",
        "    yaxis = dict(autorange='reversed'),\n",
        "    title = {'text':'Matriz de Correlações', 'x':0.50})\n",
        "fig.show()"
      ],
      "metadata": {
        "colab": {
          "base_uri": "https://localhost:8080/",
          "height": 637
        },
        "id": "-bJoHki9jSWu",
        "outputId": "056fb05a-8048-499f-c6e6-3cabddec19a6"
      },
      "execution_count": null,
      "outputs": [
        {
          "output_type": "display_data",
          "data": {
            "text/html": [
              "<html>\n",
              "<head><meta charset=\"utf-8\" /></head>\n",
              "<body>\n",
              "    <div>            <script src=\"https://cdnjs.cloudflare.com/ajax/libs/mathjax/2.7.5/MathJax.js?config=TeX-AMS-MML_SVG\"></script><script type=\"text/javascript\">if (window.MathJax && window.MathJax.Hub && window.MathJax.Hub.Config) {window.MathJax.Hub.Config({SVG: {font: \"STIX-Web\"}});}</script>                <script type=\"text/javascript\">window.PlotlyConfig = {MathJaxConfig: 'local'};</script>\n",
              "        <script charset=\"utf-8\" src=\"https://cdn.plot.ly/plotly-2.35.2.min.js\"></script>                <div id=\"a0ba1adc-fb6b-44a4-bfd3-e353e0f9df75\" class=\"plotly-graph-div\" style=\"height:600px; width:600px;\"></div>            <script type=\"text/javascript\">                                    window.PLOTLYENV=window.PLOTLYENV || {};                                    if (document.getElementById(\"a0ba1adc-fb6b-44a4-bfd3-e353e0f9df75\")) {                    Plotly.newPlot(                        \"a0ba1adc-fb6b-44a4-bfd3-e353e0f9df75\",                        [{\"colorscale\":[[0.0,\"#440154\"],[0.1111111111111111,\"#482878\"],[0.2222222222222222,\"#3e4989\"],[0.3333333333333333,\"#31688e\"],[0.4444444444444444,\"#26828e\"],[0.5555555555555556,\"#1f9e89\"],[0.6666666666666666,\"#35b779\"],[0.7777777777777778,\"#6ece58\"],[0.8888888888888888,\"#b5de2b\"],[1.0,\"#fde725\"]],\"text\":[[1.0,0.920099372633057,0.7773321552924742,0.7323070530614036,-0.5195849710513089,-0.42471078977805,-0.4625156748047652,-0.14695749214036943,-0.019710758602103615],[0.920099372633057,1.0,0.8504545992244678,0.8327368593774724,-0.520281997686538,-0.5547672417451366,-0.49101970867913547,-0.24301017777860187,0.05737441799934417],[0.7773321552924742,0.8504545992244678,1.0,0.9558248655625526,-0.5826008485249803,-0.6929675877266783,-0.6066208396312525,-0.4325479612621879,0.15767282807027694],[0.7323070530614036,0.8327368593774724,0.9558248655625526,1.0,-0.5537583197513372,-0.7032367447011415,-0.6150733946258246,-0.49983846844935026,0.1414691683257122],[-0.5195849710513089,-0.520281997686538,-0.5826008485249803,-0.5537583197513372,1.0,0.34604928151566444,0.42278950951956656,0.13087742247421044,-0.09301763261898212],[-0.42471078977805,-0.5547672417451366,-0.6929675877266783,-0.7032367447011415,0.34604928151566444,1.0,0.2344723994566316,0.28185252032376523,-0.2790837526134761],[-0.4625156748047652,-0.49101970867913547,-0.6066208396312525,-0.6150733946258246,0.42278950951956656,0.2344723994566316,1.0,0.4044468523045046,-0.04528098451491298],[-0.14695749214036943,-0.24301017777860187,-0.4325479612621879,-0.49983846844935026,0.13087742247421044,0.28185252032376523,0.4044468523045046,1.0,-0.1064811994718267],[-0.019710758602103615,0.05737441799934417,0.15767282807027694,0.1414691683257122,-0.09301763261898212,-0.2790837526134761,-0.04528098451491298,-0.1064811994718267,1.0]],\"texttemplate\":\"%{text:.2f}\",\"x\":[\"renda\",\"quota\",\"escolaridade\",\"idade\",\"mortalidade\",\"txcresc\",\"causasext\",\"favel\",\"denspop\"],\"y\":[\"renda\",\"quota\",\"escolaridade\",\"idade\",\"mortalidade\",\"txcresc\",\"causasext\",\"favel\",\"denspop\"],\"z\":[[1.0,0.920099372633057,0.7773321552924742,0.7323070530614036,-0.5195849710513089,-0.42471078977805,-0.4625156748047652,-0.14695749214036943,-0.019710758602103615],[0.920099372633057,1.0,0.8504545992244678,0.8327368593774724,-0.520281997686538,-0.5547672417451366,-0.49101970867913547,-0.24301017777860187,0.05737441799934417],[0.7773321552924742,0.8504545992244678,1.0,0.9558248655625526,-0.5826008485249803,-0.6929675877266783,-0.6066208396312525,-0.4325479612621879,0.15767282807027694],[0.7323070530614036,0.8327368593774724,0.9558248655625526,1.0,-0.5537583197513372,-0.7032367447011415,-0.6150733946258246,-0.49983846844935026,0.1414691683257122],[-0.5195849710513089,-0.520281997686538,-0.5826008485249803,-0.5537583197513372,1.0,0.34604928151566444,0.42278950951956656,0.13087742247421044,-0.09301763261898212],[-0.42471078977805,-0.5547672417451366,-0.6929675877266783,-0.7032367447011415,0.34604928151566444,1.0,0.2344723994566316,0.28185252032376523,-0.2790837526134761],[-0.4625156748047652,-0.49101970867913547,-0.6066208396312525,-0.6150733946258246,0.42278950951956656,0.2344723994566316,1.0,0.4044468523045046,-0.04528098451491298],[-0.14695749214036943,-0.24301017777860187,-0.4325479612621879,-0.49983846844935026,0.13087742247421044,0.28185252032376523,0.4044468523045046,1.0,-0.1064811994718267],[-0.019710758602103615,0.05737441799934417,0.15767282807027694,0.1414691683257122,-0.09301763261898212,-0.2790837526134761,-0.04528098451491298,-0.1064811994718267,1.0]],\"type\":\"heatmap\"}],                        {\"template\":{\"data\":{\"histogram2dcontour\":[{\"type\":\"histogram2dcontour\",\"colorbar\":{\"outlinewidth\":0,\"ticks\":\"\"},\"colorscale\":[[0.0,\"#0d0887\"],[0.1111111111111111,\"#46039f\"],[0.2222222222222222,\"#7201a8\"],[0.3333333333333333,\"#9c179e\"],[0.4444444444444444,\"#bd3786\"],[0.5555555555555556,\"#d8576b\"],[0.6666666666666666,\"#ed7953\"],[0.7777777777777778,\"#fb9f3a\"],[0.8888888888888888,\"#fdca26\"],[1.0,\"#f0f921\"]]}],\"choropleth\":[{\"type\":\"choropleth\",\"colorbar\":{\"outlinewidth\":0,\"ticks\":\"\"}}],\"histogram2d\":[{\"type\":\"histogram2d\",\"colorbar\":{\"outlinewidth\":0,\"ticks\":\"\"},\"colorscale\":[[0.0,\"#0d0887\"],[0.1111111111111111,\"#46039f\"],[0.2222222222222222,\"#7201a8\"],[0.3333333333333333,\"#9c179e\"],[0.4444444444444444,\"#bd3786\"],[0.5555555555555556,\"#d8576b\"],[0.6666666666666666,\"#ed7953\"],[0.7777777777777778,\"#fb9f3a\"],[0.8888888888888888,\"#fdca26\"],[1.0,\"#f0f921\"]]}],\"heatmap\":[{\"type\":\"heatmap\",\"colorbar\":{\"outlinewidth\":0,\"ticks\":\"\"},\"colorscale\":[[0.0,\"#0d0887\"],[0.1111111111111111,\"#46039f\"],[0.2222222222222222,\"#7201a8\"],[0.3333333333333333,\"#9c179e\"],[0.4444444444444444,\"#bd3786\"],[0.5555555555555556,\"#d8576b\"],[0.6666666666666666,\"#ed7953\"],[0.7777777777777778,\"#fb9f3a\"],[0.8888888888888888,\"#fdca26\"],[1.0,\"#f0f921\"]]}],\"heatmapgl\":[{\"type\":\"heatmapgl\",\"colorbar\":{\"outlinewidth\":0,\"ticks\":\"\"},\"colorscale\":[[0.0,\"#0d0887\"],[0.1111111111111111,\"#46039f\"],[0.2222222222222222,\"#7201a8\"],[0.3333333333333333,\"#9c179e\"],[0.4444444444444444,\"#bd3786\"],[0.5555555555555556,\"#d8576b\"],[0.6666666666666666,\"#ed7953\"],[0.7777777777777778,\"#fb9f3a\"],[0.8888888888888888,\"#fdca26\"],[1.0,\"#f0f921\"]]}],\"contourcarpet\":[{\"type\":\"contourcarpet\",\"colorbar\":{\"outlinewidth\":0,\"ticks\":\"\"}}],\"contour\":[{\"type\":\"contour\",\"colorbar\":{\"outlinewidth\":0,\"ticks\":\"\"},\"colorscale\":[[0.0,\"#0d0887\"],[0.1111111111111111,\"#46039f\"],[0.2222222222222222,\"#7201a8\"],[0.3333333333333333,\"#9c179e\"],[0.4444444444444444,\"#bd3786\"],[0.5555555555555556,\"#d8576b\"],[0.6666666666666666,\"#ed7953\"],[0.7777777777777778,\"#fb9f3a\"],[0.8888888888888888,\"#fdca26\"],[1.0,\"#f0f921\"]]}],\"surface\":[{\"type\":\"surface\",\"colorbar\":{\"outlinewidth\":0,\"ticks\":\"\"},\"colorscale\":[[0.0,\"#0d0887\"],[0.1111111111111111,\"#46039f\"],[0.2222222222222222,\"#7201a8\"],[0.3333333333333333,\"#9c179e\"],[0.4444444444444444,\"#bd3786\"],[0.5555555555555556,\"#d8576b\"],[0.6666666666666666,\"#ed7953\"],[0.7777777777777778,\"#fb9f3a\"],[0.8888888888888888,\"#fdca26\"],[1.0,\"#f0f921\"]]}],\"mesh3d\":[{\"type\":\"mesh3d\",\"colorbar\":{\"outlinewidth\":0,\"ticks\":\"\"}}],\"scatter\":[{\"fillpattern\":{\"fillmode\":\"overlay\",\"size\":10,\"solidity\":0.2},\"type\":\"scatter\"}],\"parcoords\":[{\"type\":\"parcoords\",\"line\":{\"colorbar\":{\"outlinewidth\":0,\"ticks\":\"\"}}}],\"scatterpolargl\":[{\"type\":\"scatterpolargl\",\"marker\":{\"colorbar\":{\"outlinewidth\":0,\"ticks\":\"\"}}}],\"bar\":[{\"error_x\":{\"color\":\"#2a3f5f\"},\"error_y\":{\"color\":\"#2a3f5f\"},\"marker\":{\"line\":{\"color\":\"#E5ECF6\",\"width\":0.5},\"pattern\":{\"fillmode\":\"overlay\",\"size\":10,\"solidity\":0.2}},\"type\":\"bar\"}],\"scattergeo\":[{\"type\":\"scattergeo\",\"marker\":{\"colorbar\":{\"outlinewidth\":0,\"ticks\":\"\"}}}],\"scatterpolar\":[{\"type\":\"scatterpolar\",\"marker\":{\"colorbar\":{\"outlinewidth\":0,\"ticks\":\"\"}}}],\"histogram\":[{\"marker\":{\"pattern\":{\"fillmode\":\"overlay\",\"size\":10,\"solidity\":0.2}},\"type\":\"histogram\"}],\"scattergl\":[{\"type\":\"scattergl\",\"marker\":{\"colorbar\":{\"outlinewidth\":0,\"ticks\":\"\"}}}],\"scatter3d\":[{\"type\":\"scatter3d\",\"line\":{\"colorbar\":{\"outlinewidth\":0,\"ticks\":\"\"}},\"marker\":{\"colorbar\":{\"outlinewidth\":0,\"ticks\":\"\"}}}],\"scattermapbox\":[{\"type\":\"scattermapbox\",\"marker\":{\"colorbar\":{\"outlinewidth\":0,\"ticks\":\"\"}}}],\"scatterternary\":[{\"type\":\"scatterternary\",\"marker\":{\"colorbar\":{\"outlinewidth\":0,\"ticks\":\"\"}}}],\"scattercarpet\":[{\"type\":\"scattercarpet\",\"marker\":{\"colorbar\":{\"outlinewidth\":0,\"ticks\":\"\"}}}],\"carpet\":[{\"aaxis\":{\"endlinecolor\":\"#2a3f5f\",\"gridcolor\":\"white\",\"linecolor\":\"white\",\"minorgridcolor\":\"white\",\"startlinecolor\":\"#2a3f5f\"},\"baxis\":{\"endlinecolor\":\"#2a3f5f\",\"gridcolor\":\"white\",\"linecolor\":\"white\",\"minorgridcolor\":\"white\",\"startlinecolor\":\"#2a3f5f\"},\"type\":\"carpet\"}],\"table\":[{\"cells\":{\"fill\":{\"color\":\"#EBF0F8\"},\"line\":{\"color\":\"white\"}},\"header\":{\"fill\":{\"color\":\"#C8D4E3\"},\"line\":{\"color\":\"white\"}},\"type\":\"table\"}],\"barpolar\":[{\"marker\":{\"line\":{\"color\":\"#E5ECF6\",\"width\":0.5},\"pattern\":{\"fillmode\":\"overlay\",\"size\":10,\"solidity\":0.2}},\"type\":\"barpolar\"}],\"pie\":[{\"automargin\":true,\"type\":\"pie\"}]},\"layout\":{\"autotypenumbers\":\"strict\",\"colorway\":[\"#636efa\",\"#EF553B\",\"#00cc96\",\"#ab63fa\",\"#FFA15A\",\"#19d3f3\",\"#FF6692\",\"#B6E880\",\"#FF97FF\",\"#FECB52\"],\"font\":{\"color\":\"#2a3f5f\"},\"hovermode\":\"closest\",\"hoverlabel\":{\"align\":\"left\"},\"paper_bgcolor\":\"white\",\"plot_bgcolor\":\"#E5ECF6\",\"polar\":{\"bgcolor\":\"#E5ECF6\",\"angularaxis\":{\"gridcolor\":\"white\",\"linecolor\":\"white\",\"ticks\":\"\"},\"radialaxis\":{\"gridcolor\":\"white\",\"linecolor\":\"white\",\"ticks\":\"\"}},\"ternary\":{\"bgcolor\":\"#E5ECF6\",\"aaxis\":{\"gridcolor\":\"white\",\"linecolor\":\"white\",\"ticks\":\"\"},\"baxis\":{\"gridcolor\":\"white\",\"linecolor\":\"white\",\"ticks\":\"\"},\"caxis\":{\"gridcolor\":\"white\",\"linecolor\":\"white\",\"ticks\":\"\"}},\"coloraxis\":{\"colorbar\":{\"outlinewidth\":0,\"ticks\":\"\"}},\"colorscale\":{\"sequential\":[[0.0,\"#0d0887\"],[0.1111111111111111,\"#46039f\"],[0.2222222222222222,\"#7201a8\"],[0.3333333333333333,\"#9c179e\"],[0.4444444444444444,\"#bd3786\"],[0.5555555555555556,\"#d8576b\"],[0.6666666666666666,\"#ed7953\"],[0.7777777777777778,\"#fb9f3a\"],[0.8888888888888888,\"#fdca26\"],[1.0,\"#f0f921\"]],\"sequentialminus\":[[0.0,\"#0d0887\"],[0.1111111111111111,\"#46039f\"],[0.2222222222222222,\"#7201a8\"],[0.3333333333333333,\"#9c179e\"],[0.4444444444444444,\"#bd3786\"],[0.5555555555555556,\"#d8576b\"],[0.6666666666666666,\"#ed7953\"],[0.7777777777777778,\"#fb9f3a\"],[0.8888888888888888,\"#fdca26\"],[1.0,\"#f0f921\"]],\"diverging\":[[0,\"#8e0152\"],[0.1,\"#c51b7d\"],[0.2,\"#de77ae\"],[0.3,\"#f1b6da\"],[0.4,\"#fde0ef\"],[0.5,\"#f7f7f7\"],[0.6,\"#e6f5d0\"],[0.7,\"#b8e186\"],[0.8,\"#7fbc41\"],[0.9,\"#4d9221\"],[1,\"#276419\"]]},\"xaxis\":{\"gridcolor\":\"white\",\"linecolor\":\"white\",\"ticks\":\"\",\"title\":{\"standoff\":15},\"zerolinecolor\":\"white\",\"automargin\":true,\"zerolinewidth\":2},\"yaxis\":{\"gridcolor\":\"white\",\"linecolor\":\"white\",\"ticks\":\"\",\"title\":{\"standoff\":15},\"zerolinecolor\":\"white\",\"automargin\":true,\"zerolinewidth\":2},\"scene\":{\"xaxis\":{\"backgroundcolor\":\"#E5ECF6\",\"gridcolor\":\"white\",\"linecolor\":\"white\",\"showbackground\":true,\"ticks\":\"\",\"zerolinecolor\":\"white\",\"gridwidth\":2},\"yaxis\":{\"backgroundcolor\":\"#E5ECF6\",\"gridcolor\":\"white\",\"linecolor\":\"white\",\"showbackground\":true,\"ticks\":\"\",\"zerolinecolor\":\"white\",\"gridwidth\":2},\"zaxis\":{\"backgroundcolor\":\"#E5ECF6\",\"gridcolor\":\"white\",\"linecolor\":\"white\",\"showbackground\":true,\"ticks\":\"\",\"zerolinecolor\":\"white\",\"gridwidth\":2}},\"shapedefaults\":{\"line\":{\"color\":\"#2a3f5f\"}},\"annotationdefaults\":{\"arrowcolor\":\"#2a3f5f\",\"arrowhead\":0,\"arrowwidth\":1},\"geo\":{\"bgcolor\":\"white\",\"landcolor\":\"#E5ECF6\",\"subunitcolor\":\"white\",\"showland\":true,\"showlakes\":true,\"lakecolor\":\"white\"},\"title\":{\"x\":0.05},\"mapbox\":{\"style\":\"light\"}}},\"yaxis\":{\"autorange\":\"reversed\"},\"title\":{\"text\":\"Matriz de Correlações\",\"x\":0.5},\"height\":600,\"width\":600},                        {\"responsive\": true}                    ).then(function(){\n",
              "                            \n",
              "var gd = document.getElementById('a0ba1adc-fb6b-44a4-bfd3-e353e0f9df75');\n",
              "var x = new MutationObserver(function (mutations, observer) {{\n",
              "        var display = window.getComputedStyle(gd).display;\n",
              "        if (!display || display === 'none') {{\n",
              "            console.log([gd, 'removed!']);\n",
              "            Plotly.purge(gd);\n",
              "            observer.disconnect();\n",
              "        }}\n",
              "}});\n",
              "\n",
              "// Listen for the removal of the full notebook cells\n",
              "var notebookContainer = gd.closest('#notebook-container');\n",
              "if (notebookContainer) {{\n",
              "    x.observe(notebookContainer, {childList: true});\n",
              "}}\n",
              "\n",
              "// Listen for the clearing of the current output cell\n",
              "var outputEl = gd.closest('.output');\n",
              "if (outputEl) {{\n",
              "    x.observe(outputEl, {childList: true});\n",
              "}}\n",
              "\n",
              "                        })                };                            </script>        </div>\n",
              "</body>\n",
              "</html>"
            ]
          },
          "metadata": {}
        }
      ]
    },
    {
      "cell_type": "markdown",
      "source": [
        "## 🧪 Teste de Esfericidade de Bartlett\n",
        "\n",
        "O teste de Bartlett avalia se a matriz de correlação é significativamente diferente de uma matriz identidade.\n",
        "\n",
        "*   Hipótese nula (H₀): as variáveis não são correlacionadas.\n",
        "\n",
        "*  Se H₀ for rejeitada: há correlação significativa entre as variáveis, indicando que a aplicação da PCA (ou Análise Fatorial) é adequada.\n",
        "\n",
